         troop_locations = [
#             (173, 380), (198, 395), (220, 413), (252, 438), (293, 464),
#             (321, 479), (178, 288), (203, 271), (227, 258), (256, 230),
#             (295, 202), (318, 188), (357, 166), (383, 144), (406, 120),
#             (321, 479), (178, 288), (203, 271), (227, 258), (256, 230),
#             (295, 202), (318, 188), (357, 166), (383, 144), (406, 120),
#         ]

#         spell_locations = [(588, 272), (494, 395), (583, 205), (636, 395), (632, 542)]
#         ice_spell_locations = [(789, 345)]
